symbol,exchange,timestamp,open,high,low,close,volume
TCS,NSE,2022-01-03,3750.0,3830.0,3745.0,3817.75,2346158
TCS,NSE,2022-01-04,3831.1,3889.15,3811.7,3884.75,2488606
TCS,NSE,2022-01-05,3865.0,3870.0,3812.4,3860.95,1733031
TCS,NSE,2022-01-06,3812.0,3835.0,3772.0,3807.45,1810293
TCS,NSE,2022-01-07,3820.0,3864.9,3796.4,3853.5,2460591
TCS,NSE,2022-01-10,3978.0,3978.0,3861.0,3879.85,3937092
TCS,NSE,2022-01-11,3856.0,3925.0,3856.0,3915.9,1906106
TCS,NSE,2022-01-12,3925.0,3929.0,3836.55,3859.9,3203744
TCS,NSE,2022-01-13,3918.0,3923.0,3857.0,3897.9,6684507
TCS,NSE,2022-01-14,3877.85,3977.0,3860.05,3968.15,3348123
TCS,NSE,2022-01-17,3992.7,4043.0,3962.3,4019.15,3442604
TCS,NSE,2022-01-18,4033.95,4041.7,3980.0,3990.6,2389041
TCS,NSE,2022-01-19,4012.0,4012.0,3910.5,3914.65,3102539
TCS,NSE,2022-01-20,3910.0,3920.0,3811.0,3826.55,6176776
TCS,NSE,2022-01-21,3807.0,3851.55,3771.1,3833.5,3112358
TCS,NSE,2022-01-24,3840.0,3849.65,3740.1,3771.35,3258414
TCS,NSE,2022-01-25,3769.5,3809.4,3722.2,3769.9,3330501
TCS,NSE,2022-01-27,3731.0,3733.4,3625.1,3649.25,5718297
TCS,NSE,2022-01-28,3646.0,3729.8,3646.0,3690.05,3143862
TCS,NSE,2022-01-31,3749.0,3758.0,3721.4,3736.25,2739393
TCS,NSE,2022-02-01,3770.0,3808.0,3736.4,3800.65,2105169
TCS,NSE,2022-02-02,3827.9,3864.0,3800.65,3856.2,1984212
TCS,NSE,2022-02-03,3851.0,3882.5,3816.05,3824.6,1960538
TCS,NSE,2022-02-04,3815.3,3824.7,3769.0,3814.9,2307366
TCS,NSE,2022-02-07,3791.0,3831.8,3756.15,3779.0,1919149
TCS,NSE,2022-02-08,3791.55,3799.7,3721.0,3743.45,2946443
TCS,NSE,2022-02-09,3750.0,3777.95,3746.1,3760.55,1638721
TCS,NSE,2022-02-10,3789.8,3789.8,3758.0,3770.35,2112459
TCS,NSE,2022-02-11,3752.5,3752.5,3690.0,3694.95,3851488
TCS,NSE,2022-02-14,3724.0,3793.25,3710.0,3733.75,5951745
TCS,NSE,2022-02-15,3786.0,3835.0,3748.0,3817.8,3931683
TCS,NSE,2022-02-16,3844.0,3854.1,3806.0,3813.1,3256906
TCS,NSE,2022-02-17,3825.0,3835.0,3779.0,3784.2,3134372
TCS,NSE,2022-02-18,3769.0,3815.95,3757.6,3793.9,3688883
TCS,NSE,2022-02-21,3810.0,3827.8,3705.55,3719.4,7465922
TCS,NSE,2022-02-22,3650.0,3667.9,3570.0,3586.4,5408531
TCS,NSE,2022-02-23,3611.0,3622.9,3555.65,3563.8,2426203
TCS,NSE,2022-02-24,3474.0,3483.85,3391.1,3401.65,5039136
TCS,NSE,2022-02-25,3468.0,3530.0,3462.0,3520.75,2549723
TCS,NSE,2022-02-28,3490.0,3563.75,3455.9,3554.2,3288942
TCS,NSE,2022-03-02,3552.5,3571.95,3506.0,3546.15,2761341
TCS,NSE,2022-03-03,3562.85,3578.6,3530.1,3544.4,1928039
TCS,NSE,2022-03-04,3501.5,3561.2,3487.05,3524.35,2370257
TCS,NSE,2022-03-07,3450.0,3548.0,3431.55,3484.9,3054130
TCS,NSE,2022-03-08,3460.0,3609.0,3460.0,3599.95,3300992
TCS,NSE,2022-03-09,3605.0,3654.0,3597.05,3632.6,2719654
TCS,NSE,2022-03-10,3684.0,3684.0,3615.0,3620.95,2005441
TCS,NSE,2022-03-11,3603.25,3639.85,3592.85,3599.15,1623423
TCS,NSE,2022-03-14,3580.0,3648.35,3580.0,3643.0,1765688
TCS,NSE,2022-03-15,3659.0,3659.0,3585.4,3593.9,3651133
TCS,NSE,2022-03-16,3640.5,3668.0,3616.25,3655.9,3090475
TCS,NSE,2022-03-17,3696.6,3710.0,3660.3,3672.75,3600452
TCS,NSE,2022-03-21,3696.0,3713.95,3615.0,3626.7,2413831
TCS,NSE,2022-03-22,3640.0,3711.0,3625.0,3700.95,2907611
TCS,NSE,2022-03-23,3708.0,3729.8,3690.0,3712.4,1596195
TCS,NSE,2022-03-24,3700.0,3758.2,3695.0,3749.85,1879046
TCS,NSE,2022-03-25,3759.9,3779.5,3672.0,3707.45,1690133
TCS,NSE,2022-03-28,3695.0,3713.0,3661.2,3707.7,1760990
TCS,NSE,2022-03-29,3694.75,3722.0,3691.0,3705.35,2689063
TCS,NSE,2022-03-30,3738.0,3738.0,3706.2,3731.55,1583455
TCS,NSE,2022-03-31,3740.0,3754.65,3720.2,3739.95,2168110
TCS,NSE,2022-04-01,3748.0,3763.0,3728.05,3758.75,1387014
TCS,NSE,2022-04-04,3762.0,3780.0,3737.1,3770.35,1472994
TCS,NSE,2022-04-05,3772.0,3835.6,3772.0,3814.8,2314947
TCS,NSE,2022-04-06,3809.3,3809.3,3731.15,3755.35,2051729
TCS,NSE,2022-04-07,3745.5,3745.5,3679.0,3684.15,2494829
TCS,NSE,2022-04-08,3690.0,3705.0,3642.5,3685.65,2296773
TCS,NSE,2022-04-11,3690.0,3712.35,3656.1,3696.4,2291660
TCS,NSE,2022-04-12,3683.0,3739.0,3648.35,3691.1,4483476
TCS,NSE,2022-04-13,3707.0,3709.85,3655.55,3661.95,1621672
TCS,NSE,2022-04-18,3610.0,3610.0,3522.5,3528.05,3820792
TCS,NSE,2022-04-19,3550.0,3563.55,3439.15,3471.9,3170014
TCS,NSE,2022-04-20,3500.0,3569.15,3480.0,3556.8,2640370
TCS,NSE,2022-04-21,3580.0,3644.0,3567.4,3628.65,2280996
TCS,NSE,2022-04-22,3581.1,3617.0,3571.5,3612.55,1581465
TCS,NSE,2022-04-25,3558.0,3584.0,3533.1,3548.2,1960694
TCS,NSE,2022-04-26,3575.15,3587.9,3518.15,3546.3,1943469
TCS,NSE,2022-04-27,3546.0,3568.45,3506.3,3561.2,1727648
TCS,NSE,2022-04-28,3588.0,3604.4,3538.05,3584.3,1703660
TCS,NSE,2022-04-29,3597.0,3623.25,3536.85,3546.7,2051115
TCS,NSE,2022-05-02,3519.9,3547.95,3492.75,3542.4,1324161
TCS,NSE,2022-05-04,3538.5,3545.45,3465.3,3479.75,2305825
TCS,NSE,2022-05-05,3512.1,3533.0,3485.35,3513.4,1612262
TCS,NSE,2022-05-06,3459.0,3474.5,3424.5,3432.6,2010812
TCS,NSE,2022-05-09,3398.0,3456.0,3346.85,3445.1,2481830
TCS,NSE,2022-05-10,3434.0,3464.8,3422.0,3438.75,1622685
TCS,NSE,2022-05-11,3435.0,3448.45,3382.15,3412.0,1841769
TCS,NSE,2022-05-12,3378.0,3449.7,3350.1,3408.65,2807195
TCS,NSE,2022-05-13,3435.0,3439.9,3382.15,3414.9,2187823
TCS,NSE,2022-05-16,3415.0,3430.0,3366.6,3376.8,1195813
TCS,NSE,2022-05-17,3370.0,3467.0,3350.4,3451.6,1754076
TCS,NSE,2022-05-18,3465.0,3495.0,3443.05,3448.8,1866781
TCS,NSE,2022-05-19,3397.0,3405.0,3230.0,3261.95,4642963
TCS,NSE,2022-05-20,3310.0,3313.9,3270.05,3293.0,3065125
TCS,NSE,2022-05-23,3304.8,3338.9,3267.0,3321.75,2293690
TCS,NSE,2022-05-24,3315.15,3324.85,3275.6,3288.0,1711510
TCS,NSE,2022-05-25,3292.85,3292.85,3154.05,3167.65,3548046
TCS,NSE,2022-05-26,3191.0,3241.5,3180.55,3226.95,2813186
TCS,NSE,2022-05-27,3253.2,3278.9,3229.2,3261.3,3103153
TCS,NSE,2022-05-30,3297.0,3386.6,3286.35,3375.25,2094624
TCS,NSE,2022-05-31,3354.15,3383.4,3325.0,3364.35,4840965
TCS,NSE,2022-06-01,3388.0,3388.0,3340.05,3355.2,1493835
TCS,NSE,2022-06-02,3355.0,3432.0,3346.3,3423.0,2657939
TCS,NSE,2022-06-03,3459.4,3477.3,3431.2,3440.15,1913622
TCS,NSE,2022-06-06,3418.0,3453.0,3377.15,3430.95,1084210
TCS,NSE,2022-06-07,3401.05,3418.85,3356.0,3362.7,2308256
TCS,NSE,2022-06-08,3380.15,3413.95,3346.5,3404.15,2185707
TCS,NSE,2022-06-09,3385.0,3437.0,3353.1,3427.1,1279197
TCS,NSE,2022-06-10,3382.0,3393.0,3352.0,3359.9,1527582
TCS,NSE,2022-06-13,3290.0,3293.0,3192.45,3219.6,3030921
TCS,NSE,2022-06-14,3190.0,3238.9,3174.7,3210.55,2611493
TCS,NSE,2022-06-15,3218.5,3234.0,3201.0,3206.3,1404536
TCS,NSE,2022-06-16,3240.0,3244.85,3133.05,3142.0,2032028
TCS,NSE,2022-06-17,3092.0,3118.75,3023.85,3088.9,5240434
TCS,NSE,2022-06-20,3094.0,3138.75,3069.0,3112.4,1502769
TCS,NSE,2022-06-21,3130.0,3237.75,3125.4,3211.95,2964461
TCS,NSE,2022-06-22,3199.9,3250.55,3183.0,3222.95,3336315
TCS,NSE,2022-06-23,3222.95,3318.0,3222.95,3308.8,3692578
TCS,NSE,2022-06-24,3339.0,3345.0,3277.5,3293.1,2132118
TCS,NSE,2022-06-27,3350.0,3362.9,3306.5,3314.7,2037686
TCS,NSE,2022-06-28,3307.0,3330.0,3272.6,3318.15,1400046
TCS,NSE,2022-06-29,3271.0,3333.0,3271.0,3290.5,2133994
TCS,NSE,2022-06-30,3272.0,3310.9,3255.0,3267.1,2719603
TCS,NSE,2022-07-01,3260.0,3333.0,3252.05,3315.1,1502879
TCS,NSE,2022-07-04,3312.0,3317.95,3225.05,3235.05,2622535
TCS,NSE,2022-07-05,3255.0,3272.0,3206.95,3216.3,2170627
TCS,NSE,2022-07-06,3218.5,3268.5,3202.25,3260.75,2182144
TCS,NSE,2022-07-07,3271.0,3319.4,3265.05,3287.85,1989921
TCS,NSE,2022-07-08,3300.0,3305.0,3250.0,3265.45,2136916
TCS,NSE,2022-07-11,3206.15,3225.0,3106.0,3113.8,6974600
TCS,NSE,2022-07-12,3114.9,3136.2,3080.25,3084.7,3734815
TCS,NSE,2022-07-13,3104.0,3110.0,3035.0,3038.75,3863530
TCS,NSE,2022-07-14,3056.0,3057.0,2967.0,2998.75,4764908
TCS,NSE,2022-07-15,3018.55,3028.9,2953.0,2994.6,4574806
TCS,NSE,2022-07-18,3023.0,3076.95,3014.3,3063.5,3202795
TCS,NSE,2022-07-19,3030.05,3078.95,3030.05,3074.25,1865074
TCS,NSE,2022-07-20,3107.8,3171.95,3098.05,3164.8,3402251
TCS,NSE,2022-07-21,3167.0,3184.0,3144.05,3177.3,2420640
TCS,NSE,2022-07-22,3185.0,3197.0,3143.5,3171.0,2075886
TCS,NSE,2022-07-25,3165.0,3186.45,3149.1,3166.75,1797504
TCS,NSE,2022-07-26,3164.7,3168.9,3096.5,3115.9,2639367
TCS,NSE,2022-07-27,3115.0,3194.1,3110.0,3188.85,1389808
TCS,NSE,2022-07-28,3216.0,3264.0,3201.65,3260.5,2106333
TCS,NSE,2022-07-29,3290.0,3317.3,3275.0,3301.9,2430257
TCS,NSE,2022-08-01,3327.0,3327.0,3271.0,3298.8,1306913
TCS,NSE,2022-08-02,3290.0,3312.9,3271.65,3291.8,1269114
TCS,NSE,2022-08-03,3280.0,3349.0,3277.05,3339.5,2895824
TCS,NSE,2022-08-04,3350.0,3387.9,3307.35,3354.95,2150567
TCS,NSE,2022-08-05,3361.2,3377.0,3355.0,3365.05,1106933
TCS,NSE,2022-08-08,3365.0,3378.9,3336.0,3374.45,1068836
TCS,NSE,2022-08-10,3385.0,3385.0,3335.0,3354.25,1878359
TCS,NSE,2022-08-11,3400.0,3428.7,3375.05,3422.5,1449248
TCS,NSE,2022-08-12,3419.0,3419.0,3381.25,3401.55,1472354
TCS,NSE,2022-08-16,3411.0,3414.85,3387.5,3392.7,839942
TCS,NSE,2022-08-17,3385.1,3417.95,3371.1,3401.1,1622326
TCS,NSE,2022-08-18,3390.0,3392.0,3362.0,3381.25,1430659
TCS,NSE,2022-08-19,3387.0,3421.5,3371.25,3385.75,1398410
TCS,NSE,2022-08-22,3365.0,3384.1,3347.4,3354.55,1536532
TCS,NSE,2022-08-23,3319.95,3341.9,3270.0,3284.6,1849256
TCS,NSE,2022-08-24,3292.0,3308.0,3250.2,3255.35,1691923
TCS,NSE,2022-08-25,3276.0,3278.15,3214.75,3218.2,1946930
TCS,NSE,2022-08-26,3234.3,3257.0,3216.8,3222.2,1457962
TCS,NSE,2022-08-29,3125.0,3142.7,3081.0,3132.55,2539173
TCS,NSE,2022-08-30,3155.0,3226.5,3142.1,3211.15,3431525
TCS,NSE,2022-09-01,3190.0,3190.0,3121.0,3131.7,3546935
TCS,NSE,2022-09-02,3163.0,3163.0,3120.3,3130.4,2052900
TCS,NSE,2022-09-05,3123.65,3147.95,3112.25,3133.4,2147912
TCS,NSE,2022-09-06,3135.5,3140.85,3106.35,3127.05,1936453
TCS,NSE,2022-09-07,3102.0,3161.9,3102.0,3149.6,1291534
TCS,NSE,2022-09-08,3170.0,3183.5,3160.1,3169.65,1346113
TCS,NSE,2022-09-09,3195.0,3233.5,3168.5,3217.65,1561185
TCS,NSE,2022-09-12,3239.9,3269.8,3225.0,3242.95,1785928
TCS,NSE,2022-09-13,3263.45,3263.45,3225.0,3229.35,1972678
TCS,NSE,2022-09-14,3135.0,3141.4,3113.8,3120.4,5090269
TCS,NSE,2022-09-15,3130.0,3137.75,3100.0,3104.35,2138023
TCS,NSE,2022-09-16,3076.0,3094.35,3000.0,3008.7,5322221
TCS,NSE,2022-09-19,3036.0,3042.0,2987.8,3028.8,2072220
TCS,NSE,2022-09-20,3050.0,3079.95,3030.0,3040.3,1544295
TCS,NSE,2022-09-21,3028.0,3041.4,2998.15,3001.2,2253818
TCS,NSE,2022-09-22,2990.0,3029.95,2979.3,3007.4,2017983
TCS,NSE,2022-09-23,3004.0,3022.5,2979.0,2982.05,2652374
TCS,NSE,2022-09-26,2959.85,3025.85,2926.1,2994.4,2925489
TCS,NSE,2022-09-27,3009.4,3025.0,2976.0,3017.45,2227447
TCS,NSE,2022-09-28,2980.0,3049.95,2980.0,3035.65,2739767
TCS,NSE,2022-09-29,3054.0,3055.85,2990.0,2997.3,2493902
TCS,NSE,2022-09-30,2990.85,3019.7,2950.1,3004.55,2817353
TCS,NSE,2022-10-03,2995.0,3020.7,2974.0,2984.95,1763331
TCS,NSE,2022-10-04,3029.95,3098.0,3023.0,3091.15,2145875
TCS,NSE,2022-10-06,3111.0,3124.0,3092.45,3101.95,1790816
TCS,NSE,2022-10-07,3097.4,3105.0,3058.1,3064.9,1939879
TCS,NSE,2022-10-10,3010.0,3127.0,3005.0,3118.55,3064063
TCS,NSE,2022-10-11,3100.0,3145.0,3053.35,3069.55,4730645
TCS,NSE,2022-10-12,3084.9,3109.9,3062.05,3100.75,1665247
TCS,NSE,2022-10-13,3100.75,3110.0,3052.35,3103.3,2054781
TCS,NSE,2022-10-14,3145.0,3150.0,3071.0,3099.15,2245977
TCS,NSE,2022-10-17,3072.65,3128.4,3071.45,3111.75,1517005
TCS,NSE,2022-10-18,3150.0,3155.35,3128.55,3144.7,1793722
TCS,NSE,2022-10-19,3159.0,3159.0,3112.0,3121.85,1194289
TCS,NSE,2022-10-20,3105.0,3160.0,3105.0,3157.3,1587601
TCS,NSE,2022-10-21,3157.8,3160.4,3127.0,3137.4,1021913
TCS,NSE,2022-10-24,3170.1,3178.0,3155.0,3161.7,260949
TCS,NSE,2022-10-25,3180.5,3184.25,3151.15,3162.1,2069643
TCS,NSE,2022-10-27,3160.7,3174.0,3134.35,3157.4,2438421
TCS,NSE,2022-10-28,3150.0,3178.5,3145.0,3163.25,1355739
TCS,NSE,2022-10-31,3199.0,3199.0,3177.8,3193.15,1919414
TCS,NSE,2022-11-01,3214.5,3262.6,3203.45,3259.7,2991060
TCS,NSE,2022-11-02,3270.0,3270.0,3222.05,3241.7,1405955
TCS,NSE,2022-11-03,3228.05,3228.05,3195.0,3206.75,1422652
TCS,NSE,2022-11-04,3217.0,3220.05,3166.15,3217.4,1464013
TCS,NSE,2022-11-07,3229.0,3242.8,3195.1,3233.7,1474498
TCS,NSE,2022-11-09,3249.8,3249.8,3201.65,3216.05,1162267
TCS,NSE,2022-11-10,3170.0,3225.0,3170.0,3205.65,1573092
TCS,NSE,2022-11-11,3269.6,3341.6,3255.05,3315.95,3265394
TCS,NSE,2022-11-14,3324.0,3349.0,3309.0,3335.5,1342074
TCS,NSE,2022-11-15,3321.0,3339.95,3292.0,3332.6,1400708
TCS,NSE,2022-11-16,3338.9,3367.9,3321.45,3355.35,1748235
TCS,NSE,2022-11-17,3340.0,3360.0,3317.75,3349.0,1417986
TCS,NSE,2022-11-18,3350.0,3362.75,3321.0,3343.45,1164540
TCS,NSE,2022-11-21,3322.5,3333.7,3273.0,3283.5,1304194
TCS,NSE,2022-11-22,3280.0,3318.95,3255.25,3314.95,1149739
TCS,NSE,2022-11-23,3330.0,3330.0,3291.0,3308.3,1150011
TCS,NSE,2022-11-24,3316.25,3392.95,3308.3,3380.15,1296591
TCS,NSE,2022-11-25,3383.0,3403.35,3348.0,3389.65,1588981
TCS,NSE,2022-11-28,3366.0,3417.0,3365.55,3395.25,2195437
TCS,NSE,2022-11-29,3383.0,3429.0,3383.0,3397.35,1576028
TCS,NSE,2022-11-30,3383.0,3414.9,3375.0,3390.8,3410702
TCS,NSE,2022-12-01,3425.0,3480.0,3420.0,3475.65,2180856
TCS,NSE,2022-12-02,3458.1,3468.9,3413.0,3439.15,2411749
TCS,NSE,2022-12-05,3433.0,3439.15,3407.0,3425.9,1475065
TCS,NSE,2022-12-06,3400.05,3407.95,3368.0,3385.35,1166999
TCS,NSE,2022-12-07,3368.3,3393.7,3354.0,3380.6,1167505
TCS,NSE,2022-12-08,3360.0,3380.6,3339.45,3350.55,1285619
TCS,NSE,2022-12-09,3374.1,3374.1,3276.35,3292.75,1797896
TCS,NSE,2022-12-12,3255.5,3296.0,3236.1,3286.45,1527610
TCS,NSE,2022-12-13,3277.2,3336.45,3267.8,3332.1,1378016
TCS,NSE,2022-12-14,3348.8,3377.0,3340.9,3365.35,1213311
TCS,NSE,2022-12-15,3358.8,3364.75,3298.95,3305.1,1415694
TCS,NSE,2022-12-16,3275.0,3292.0,3225.2,3240.25,2703680
TCS,NSE,2022-12-19,3227.0,3245.5,3194.5,3202.05,2120965
TCS,NSE,2022-12-20,3198.9,3249.0,3163.65,3243.95,1529971
TCS,NSE,2022-12-21,3249.0,3283.05,3240.0,3268.55,1432566
TCS,NSE,2022-12-22,3294.0,3294.0,3245.1,3259.7,1384101
TCS,NSE,2022-12-23,3217.0,3266.85,3217.0,3228.35,1360281
TCS,NSE,2022-12-26,3228.35,3272.0,3225.05,3252.9,870157
TCS,NSE,2022-12-27,3269.2,3273.8,3231.5,3259.5,835883
TCS,NSE,2022-12-28,3249.8,3266.1,3226.0,3257.1,910795
TCS,NSE,2022-12-29,3231.1,3271.5,3228.0,3268.75,1037927
TCS,NSE,2022-12-30,3286.05,3299.0,3246.2,3256.7,1163131
TCS,NSE,2023-01-02,3261.0,3266.85,3235.2,3261.45,709547
TCS,NSE,2023-01-03,3252.0,3320.0,3245.3,3311.35,1245178
TCS,NSE,2023-01-04,3306.7,3327.35,3286.2,3314.65,1231668
TCS,NSE,2023-01-05,3330.2,3337.3,3281.95,3311.1,1826057
TCS,NSE,2023-01-06,3300.0,3301.55,3200.0,3211.55,2488376
TCS,NSE,2023-01-09,3229.0,3327.0,3221.15,3319.95,2885060
TCS,NSE,2023-01-10,3285.0,3298.0,3230.1,3286.4,3864655
TCS,NSE,2023-01-11,3290.1,3349.5,3271.15,3328.7,2720512
TCS,NSE,2023-01-12,3329.0,3350.0,3315.55,3334.35,2250391
TCS,NSE,2023-01-13,3342.9,3379.0,3305.0,3374.55,1742837
TCS,NSE,2023-01-16,3317.0,3353.0,3298.05,3334.05,1843607
TCS,NSE,2023-01-17,3330.0,3381.8,3321.0,3378.4,1688475
TCS,NSE,2023-01-18,3380.0,3408.95,3372.25,3390.0,2421189
TCS,NSE,2023-01-19,3380.0,3387.0,3361.0,3373.1,1585044
TCS,NSE,2023-01-20,3365.0,3394.65,3355.6,3363.1,1529349
TCS,NSE,2023-01-23,3388.0,3419.0,3355.6,3414.9,1067916
TCS,NSE,2023-01-24,3425.0,3451.95,3417.3,3436.3,1387863
TCS,NSE,2023-01-25,3425.3,3435.0,3405.0,3429.75,874110
TCS,NSE,2023-01-27,3426.0,3446.0,3382.3,3411.05,1785879
TCS,NSE,2023-01-30,3420.0,3458.45,3385.55,3433.65,1953798
TCS,NSE,2023-01-31,3449.0,3449.0,3351.0,3358.7,2820375
TCS,NSE,2023-02-01,3363.0,3419.0,3355.0,3408.35,2205161
TCS,NSE,2023-02-02,3427.0,3469.0,3420.1,3460.4,1813847
TCS,NSE,2023-02-03,3504.0,3504.0,3452.9,3482.3,1804469
TCS,NSE,2023-02-06,3473.15,3473.15,3436.85,3459.95,1138714
TCS,NSE,2023-02-07,3468.9,3493.0,3461.4,3472.55,1455647
TCS,NSE,2023-02-08,3478.05,3539.9,3478.05,3520.1,1986946
TCS,NSE,2023-02-09,3515.0,3547.6,3505.3,3540.85,1655427
TCS,NSE,2023-02-10,3520.0,3542.35,3508.15,3537.55,1187821
TCS,NSE,2023-02-13,3549.0,3549.0,3473.4,3482.4,1087939
TCS,NSE,2023-02-14,3505.0,3524.85,3495.0,3500.1,1579818
TCS,NSE,2023-02-15,3487.0,3526.0,3460.15,3520.65,1429449
TCS,NSE,2023-02-16,3527.2,3575.0,3527.0,3558.05,1618931
TCS,NSE,2023-02-17,3526.15,3538.9,3490.0,3501.15,1061369
TCS,NSE,2023-02-20,3502.0,3522.0,3475.05,3487.3,1296082
TCS,NSE,2023-02-21,3494.0,3508.9,3444.75,3451.0,1139541
TCS,NSE,2023-02-22,3414.95,3447.0,3395.0,3401.55,1218430
TCS,NSE,2023-02-23,3421.0,3452.4,3408.0,3413.8,1441570
TCS,NSE,2023-02-24,3422.5,3433.95,3382.3,3400.45,977592
TCS,NSE,2023-02-27,3390.0,3390.0,3316.0,3331.85,1128022
TCS,NSE,2023-02-28,3328.5,3392.0,3299.9,3312.85,4116217
TCS,NSE,2023-03-01,3323.0,3389.0,3315.0,3385.7,1669307
TCS,NSE,2023-03-02,3361.0,3369.9,3318.0,3321.45,1556538
TCS,NSE,2023-03-03,3354.0,3358.0,3331.1,3342.15,1043190
TCS,NSE,2023-03-06,3361.9,3404.95,3359.0,3371.85,1334132
TCS,NSE,2023-03-08,3364.0,3396.0,3330.85,3390.4,1844590
TCS,NSE,2023-03-09,3385.0,3385.0,3330.85,3336.85,1648500
TCS,NSE,2023-03-10,3312.9,3337.25,3290.0,3331.0,1024404
TCS,NSE,2023-03-13,3333.0,3369.8,3272.0,3281.95,1901233
TCS,NSE,2023-03-14,3280.0,3304.4,3209.4,3214.95,2670334
TCS,NSE,2023-03-15,3250.0,3260.35,3192.0,3198.9,1780522
TCS,NSE,2023-03-16,3208.0,3219.8,3172.0,3185.0,1901060
TCS,NSE,2023-03-17,3150.5,3221.4,3144.0,3179.3,6739966
TCS,NSE,2023-03-20,3169.65,3169.65,3095.05,3143.3,2289468
TCS,NSE,2023-03-21,3143.3,3156.75,3097.45,3106.1,1815297
TCS,NSE,2023-03-22,3130.05,3143.5,3106.1,3130.8,1123939
TCS,NSE,2023-03-23,3114.9,3146.35,3101.0,3124.65,1372218
TCS,NSE,2023-03-24,3148.9,3170.0,3106.0,3120.5,1329577
TCS,NSE,2023-03-27,3135.0,3152.75,3106.0,3122.3,1524217
TCS,NSE,2023-03-28,3127.0,3149.55,3110.15,3115.9,1303530
TCS,NSE,2023-03-29,3129.0,3150.0,3104.1,3138.9,1740616
TCS,NSE,2023-03-31,3189.95,3213.0,3152.0,3205.9,2382581
TCS,NSE,2023-04-03,3224.95,3224.95,3173.75,3200.0,1521830
TCS,NSE,2023-04-05,3185.5,3264.35,3185.5,3239.8,2655065
TCS,NSE,2023-04-06,3225.0,3257.35,3215.0,3220.7,1703464
TCS,NSE,2023-04-10,3220.0,3272.0,3215.0,3263.4,2203187
TCS,NSE,2023-04-11,3264.0,3272.95,3192.15,3213.8,2348779
TCS,NSE,2023-04-12,3227.95,3260.95,3199.0,3241.65,2417727
TCS,NSE,2023-04-13,3210.0,3230.0,3180.0,3188.85,4174070
TCS,NSE,2023-04-17,3134.1,3163.4,3070.25,3139.5,5505048
TCS,NSE,2023-04-18,3154.95,3156.85,3110.6,3130.75,2617302
TCS,NSE,2023-04-19,3130.75,3140.0,3071.5,3089.6,3298034
TCS,NSE,2023-04-20,3090.0,3113.0,3078.0,3104.8,2419999
TCS,NSE,2023-04-21,3110.0,3164.45,3100.8,3160.85,1929184
TCS,NSE,2023-04-24,3151.1,3180.95,3126.15,3174.8,1640676
TCS,NSE,2023-04-25,3183.0,3191.2,3147.5,3176.0,2024090
TCS,NSE,2023-04-26,3181.0,3208.4,3181.0,3198.15,2000029
TCS,NSE,2023-04-27,3185.0,3199.2,3170.65,3187.95,2434446
TCS,NSE,2023-04-28,3200.4,3227.25,3196.25,3219.25,2931312
TCS,NSE,2023-05-02,3235.0,3235.0,3210.0,3219.4,2321159
TCS,NSE,2023-05-03,3216.0,3216.0,3173.15,3179.9,2468285
TCS,NSE,2023-05-04,3180.15,3224.45,3178.0,3220.7,1953253
TCS,NSE,2023-05-05,3220.0,3244.0,3210.05,3230.7,1710027
TCS,NSE,2023-05-08,3245.0,3254.85,3231.3,3250.6,928235
TCS,NSE,2023-05-09,3252.6,3298.0,3246.0,3283.25,1107375
TCS,NSE,2023-05-10,3290.0,3306.5,3266.05,3286.8,1559987
TCS,NSE,2023-05-11,3309.0,3309.7,3272.0,3282.15,1719623
TCS,NSE,2023-05-12,3279.15,3290.0,3260.0,3274.3,1027479
TCS,NSE,2023-05-15,3284.0,3292.0,3248.35,3255.05,1150390
TCS,NSE,2023-05-16,3256.2,3285.0,3250.45,3258.15,986306
TCS,NSE,2023-05-17,3255.95,3280.0,3198.25,3208.7,1588815
TCS,NSE,2023-05-18,3225.95,3228.95,3195.0,3199.85,1369364
TCS,NSE,2023-05-19,3210.0,3234.5,3203.05,3222.85,1152449
TCS,NSE,2023-05-22,3230.0,3308.45,3217.05,3298.7,1333243
TCS,NSE,2023-05-23,3306.0,3327.95,3290.1,3297.05,1687418
TCS,NSE,2023-05-24,3276.0,3317.2,3276.0,3303.35,1016555
TCS,NSE,2023-05-25,3294.0,3306.0,3267.1,3293.5,1374917
TCS,NSE,2023-05-26,3293.5,3338.65,3291.0,3328.9,1791115
TCS,NSE,2023-05-29,3360.8,3372.0,3312.0,3320.35,1210372
TCS,NSE,2023-05-30,3315.0,3326.95,3301.35,3316.2,1344224
TCS,NSE,2023-05-31,3309.0,3327.7,3265.15,3289.5,5815424
TCS,NSE,2023-06-01,3314.0,3340.0,3297.5,3324.0,1177314
TCS,NSE,2023-06-02,3326.25,3335.9,3297.45,3305.6,2030661
TCS,NSE,2023-06-05,3315.0,3327.0,3285.05,3288.9,1861468
TCS,NSE,2023-06-06,3280.0,3288.85,3220.6,3232.3,2022849
TCS,NSE,2023-06-07,3253.0,3278.85,3241.0,3274.9,1567196
TCS,NSE,2023-06-08,3261.0,3270.0,3233.0,3236.45,1759366
TCS,NSE,2023-06-09,3245.0,3250.0,3205.35,3209.3,1775689
TCS,NSE,2023-06-12,3215.0,3254.4,3211.0,3246.9,2324605
TCS,NSE,2023-06-13,3260.0,3265.0,3239.0,3243.7,1371928
TCS,NSE,2023-06-14,3243.7,3255.85,3225.85,3251.05,1658544
TCS,NSE,2023-06-15,3245.3,3247.45,3210.0,3216.3,2273810
TCS,NSE,2023-06-16,3197.0,3199.4,3156.0,3174.9,4156189
TCS,NSE,2023-06-19,3190.0,3214.9,3175.0,3210.4,1468186
TCS,NSE,2023-06-20,3214.0,3232.5,3201.05,3227.7,1528452
TCS,NSE,2023-06-21,3250.0,3261.4,3223.95,3258.2,1645987
TCS,NSE,2023-06-22,3260.0,3267.65,3230.1,3238.5,1529603
TCS,NSE,2023-06-23,3237.3,3249.4,3209.15,3216.35,1119505
TCS,NSE,2023-06-26,3205.0,3213.9,3173.0,3189.65,1978803
TCS,NSE,2023-06-27,3202.0,3209.65,3182.3,3197.35,863542
TCS,NSE,2023-06-28,3208.0,3230.95,3193.4,3215.45,1575872
TCS,NSE,2023-06-30,3220.0,3310.0,3214.1,3302.25,2672406
TCS,NSE,2023-07-03,3314.3,3318.8,3268.75,3272.3,1687264
TCS,NSE,2023-07-04,3290.0,3315.0,3277.3,3308.85,1656681
TCS,NSE,2023-07-05,3320.0,3329.0,3305.0,3319.95,1453008
TCS,NSE,2023-07-06,3306.55,3328.45,3302.0,3322.9,1848238
TCS,NSE,2023-07-07,3302.0,3356.9,3302.0,3329.25,1789326
TCS,NSE,2023-07-10,3324.75,3324.75,3265.2,3271.95,1407431
TCS,NSE,2023-07-11,3295.0,3295.0,3260.8,3272.4,1110172
TCS,NSE,2023-07-12,3280.95,3289.15,3250.1,3259.9,1515240
TCS,NSE,2023-07-13,3284.0,3367.45,3272.75,3340.55,4585146
TCS,NSE,2023-07-14,3365.0,3524.85,3352.0,3514.65,6306101
TCS,NSE,2023-07-17,3510.0,3549.9,3477.05,3491.7,2743228
TCS,NSE,2023-07-18,3476.0,3524.0,3465.0,3496.85,2600090
TCS,NSE,2023-07-19,3500.0,3516.85,3445.65,3470.05,2405370
TCS,NSE,2023-07-20,3453.1,3478.9,3436.05,3463.3,1715404
TCS,NSE,2023-07-21,3404.05,3434.9,3359.05,3368.3,3770223
TCS,NSE,2023-07-24,3381.0,3413.45,3372.1,3394.75,1680132
TCS,NSE,2023-07-25,3397.5,3406.8,3380.2,3399.15,1272980
TCS,NSE,2023-07-26,3400.35,3420.85,3385.0,3388.3,1066803
TCS,NSE,2023-07-27,3394.95,3411.65,3385.05,3396.9,1701769
TCS,NSE,2023-07-28,3385.0,3393.7,3331.0,3355.4,2599831
TCS,NSE,2023-07-31,3364.4,3426.65,3360.9,3421.45,2743678
TCS,NSE,2023-08-01,3415.0,3460.0,3415.0,3452.05,1956167
TCS,NSE,2023-08-02,3434.95,3446.4,3413.6,3440.65,1914899
TCS,NSE,2023-08-03,3420.0,3433.25,3368.0,3399.95,2026351
TCS,NSE,2023-08-04,3401.25,3471.0,3401.25,3443.55,2248493
TCS,NSE,2023-08-07,3453.95,3488.0,3441.25,3484.05,1853889
TCS,NSE,2023-08-08,3484.05,3489.95,3456.6,3470.6,1634225
TCS,NSE,2023-08-09,3464.9,3467.0,3425.05,3462.5,1794589
TCS,NSE,2023-08-10,3450.0,3464.9,3430.05,3442.1,1096701
TCS,NSE,2023-08-11,3438.1,3466.65,3414.0,3448.8,1679974
TCS,NSE,2023-08-14,3440.7,3455.0,3411.0,3449.85,1190425
TCS,NSE,2023-08-16,3450.0,3466.0,3435.2,3458.4,1328445
TCS,NSE,2023-08-17,3455.0,3460.8,3413.2,3435.75,1843241
TCS,NSE,2023-08-18,3410.0,3410.0,3356.5,3367.1,2526749
TCS,NSE,2023-08-21,3375.0,3409.75,3372.0,3401.65,1375579
TCS,NSE,2023-08-22,3400.0,3411.0,3365.05,3382.15,1222012
TCS,NSE,2023-08-23,3388.0,3402.0,3376.0,3398.25,1330046
TCS,NSE,2023-08-24,3408.0,3413.05,3378.1,3387.75,1152881
TCS,NSE,2023-08-25,3375.0,3385.8,3350.25,3381.3,1158046
TCS,NSE,2023-08-28,3394.0,3394.0,3360.1,3375.55,1037485
TCS,NSE,2023-08-29,3381.05,3389.55,3365.0,3376.15,944517
TCS,NSE,2023-08-30,3398.0,3408.1,3383.05,3390.95,1188200
TCS,NSE,2023-08-31,3401.0,3417.4,3343.65,3356.8,3417652
TCS,NSE,2023-09-01,3366.0,3389.0,3356.8,3379.2,1277950
TCS,NSE,2023-09-04,3378.0,3432.85,3370.05,3418.5,1828332
TCS,NSE,2023-09-05,3420.0,3447.0,3405.15,3429.35,1501842
TCS,NSE,2023-09-06,3434.0,3443.9,3398.1,3429.9,1314818
TCS,NSE,2023-09-07,3430.8,3460.0,3422.3,3455.25,1885092
TCS,NSE,2023-09-08,3455.25,3465.0,3435.05,3441.9,1518917
TCS,NSE,2023-09-11,3462.0,3485.7,3445.0,3480.65,1783604
TCS,NSE,2023-09-12,3492.0,3589.9,3483.0,3580.8,4476016
TCS,NSE,2023-09-13,3571.1,3588.85,3545.0,3567.85,1754929
TCS,NSE,2023-09-14,3570.05,3597.7,3545.6,3560.05,2604721
TCS,NSE,2023-09-15,3567.85,3607.35,3562.45,3598.3,2952897
TCS,NSE,2023-09-18,3580.05,3619.3,3575.25,3606.15,1395753
TCS,NSE,2023-09-20,3580.0,3625.0,3580.0,3606.05,1649396
TCS,NSE,2023-09-21,3588.55,3605.0,3528.0,3585.3,2004073
TCS,NSE,2023-09-22,3584.0,3633.75,3565.05,3603.65,1989083
TCS,NSE,2023-09-25,3602.5,3620.0,3558.65,3577.15,1238778
TCS,NSE,2023-09-26,3567.6,3594.95,3536.0,3585.7,1726062
TCS,NSE,2023-09-27,3590.0,3614.0,3555.7,3589.3,1541134
TCS,NSE,2023-09-28,3600.0,3602.8,3527.35,3536.75,1755753
TCS,NSE,2023-09-29,3537.2,3568.45,3505.55,3528.6,2243791
TCS,NSE,2023-10-03,3534.2,3534.2,3480.1,3513.85,1948148
TCS,NSE,2023-10-04,3486.3,3548.0,3477.3,3537.75,1788138
TCS,NSE,2023-10-05,3554.0,3624.0,3551.2,3589.35,2990768
TCS,NSE,2023-10-06,3591.0,3634.95,3575.05,3621.4,2075691
TCS,NSE,2023-10-09,3645.05,3679.0,3631.0,3638.35,4233074
TCS,NSE,2023-10-10,3640.05,3648.0,3601.35,3628.9,1848148
TCS,NSE,2023-10-11,3650.0,3650.0,3605.0,3609.9,2426417
TCS,NSE,2023-10-12,3575.0,3588.65,3538.1,3542.55,4241281
TCS,NSE,2023-10-13,3530.0,3577.0,3525.0,3570.85,2890357
TCS,NSE,2023-10-16,3566.0,3574.65,3519.1,3524.05,1671104
TCS,NSE,2023-10-17,3530.0,3534.15,3503.35,3507.05,1672065
TCS,NSE,2023-10-18,3511.0,3522.7,3484.0,3487.25,1408245
TCS,NSE,2023-10-19,3469.5,3476.85,3451.9,3455.65,1514545
TCS,NSE,2023-10-20,3450.4,3499.5,3444.05,3494.55,1481211
TCS,NSE,2023-10-23,3473.0,3478.95,3401.3,3410.15,1106272
TCS,NSE,2023-10-25,3390.5,3425.0,3377.2,3390.1,1518537
TCS,NSE,2023-10-26,3368.05,3373.7,3330.0,3336.75,1984471
TCS,NSE,2023-10-27,3350.0,3362.0,3337.0,3350.95,1108851
TCS,NSE,2023-10-30,3350.0,3382.85,3333.75,3378.55,910972
TCS,NSE,2023-10-31,3399.0,3399.0,3350.05,3368.75,999811
TCS,NSE,2023-11-01,3355.0,3371.6,3311.0,3330.65,1563475
TCS,NSE,2023-11-02,3343.2,3375.95,3343.2,3360.1,1245384
TCS,NSE,2023-11-03,3382.0,3387.9,3344.3,3350.9,1402598
TCS,NSE,2023-11-06,3375.0,3392.3,3359.0,3380.25,1099852
TCS,NSE,2023-11-07,3378.0,3404.15,3366.0,3370.45,1191144
TCS,NSE,2023-11-08,3371.45,3401.95,3369.55,3381.55,992899
TCS,NSE,2023-11-09,3390.1,3391.5,3342.05,3347.45,2112352
TCS,NSE,2023-11-10,3338.0,3347.45,3322.35,3333.45,1338557
TCS,NSE,2023-11-13,3356.0,3356.0,3327.0,3331.55,1030990
TCS,NSE,2023-11-15,3383.1,3413.0,3356.05,3404.3,2059802
TCS,NSE,2023-11-16,3430.05,3529.35,3414.2,3497.85,3951984
TCS,NSE,2023-11-17,3497.85,3524.5,3492.55,3502.45,2021292
TCS,NSE,2023-11-20,3491.25,3533.9,3491.25,3519.6,1475621
TCS,NSE,2023-11-21,3519.6,3539.05,3501.0,3510.2,1807236
TCS,NSE,2023-11-22,3500.0,3532.65,3481.1,3530.15,1798051
TCS,NSE,2023-11-23,3530.0,3544.0,3500.0,3508.25,2729804
TCS,NSE,2023-11-24,3494.25,3504.55,3453.0,3457.1,1989733
TCS,NSE,2023-11-28,3457.1,3481.25,3433.0,3470.15,1689195
TCS,NSE,2023-11-29,3481.0,3518.0,3475.8,3513.75,1441634
TCS,NSE,2023-11-30,3499.45,3516.65,3481.0,3487.6,3266235
TCS,NSE,2023-12-01,3500.0,3516.95,3490.05,3511.65,1172141
TCS,NSE,2023-12-04,3544.65,3547.8,3498.0,3512.45,1625213
TCS,NSE,2023-12-05,3538.0,3538.0,3502.8,3531.6,1377656
TCS,NSE,2023-12-06,3532.6,3612.85,3525.15,3604.1,1896572
TCS,NSE,2023-12-07,3605.0,3630.55,3591.7,3614.9,1967653
TCS,NSE,2023-12-08,3633.0,3645.0,3602.05,3626.7,1641155
TCS,NSE,2023-12-11,3622.9,3653.0,3615.0,3642.9,1102503
TCS,NSE,2023-12-12,3638.95,3698.4,3631.0,3672.1,2236866
TCS,NSE,2023-12-13,3643.55,3650.0,3563.0,3593.55,3850968
TCS,NSE,2023-12-14,3630.0,3678.0,3627.6,3667.25,3290396
TCS,NSE,2023-12-15,3666.7,3895.95,3666.7,3861.0,8531230
TCS,NSE,2023-12-18,3858.1,3929.0,3830.15,3859.2,2521612
TCS,NSE,2023-12-19,3845.0,3855.1,3790.0,3816.2,2004435
TCS,NSE,2023-12-20,3827.25,3898.8,3766.55,3780.05,2586083
TCS,NSE,2023-12-21,3756.25,3806.7,3743.35,3787.5,1517562
TCS,NSE,2023-12-22,3800.0,3845.95,3762.0,3824.0,2413058
TCS,NSE,2023-12-26,3819.85,3834.0,3790.15,3795.55,1285231
TCS,NSE,2023-12-27,3799.0,3818.2,3768.0,3811.2,1293976
TCS,NSE,2023-12-28,3824.0,3838.0,3792.1,3799.9,1682889
TCS,NSE,2023-12-29,3792.0,3822.6,3765.4,3793.4,1574996
TCS,NSE,2024-01-01,3790.0,3832.0,3773.0,3811.1,825907
TCS,NSE,2024-01-02,3811.1,3811.1,3767.25,3783.2,1344068
TCS,NSE,2024-01-03,3767.0,3771.85,3687.05,3691.75,1803075
TCS,NSE,2024-01-04,3701.75,3719.0,3651.0,3666.8,3598144
TCS,NSE,2024-01-05,3675.0,3747.75,3674.85,3737.9,1963127
TCS,NSE,2024-01-08,3737.9,3739.75,3672.4,3678.3,1067805
TCS,NSE,2024-01-09,3709.95,3752.35,3682.75,3689.9,1370944
TCS,NSE,2024-01-10,3690.0,3729.25,3688.0,3713.05,1292227
TCS,NSE,2024-01-11,3724.0,3773.0,3707.0,3735.55,1777909
TCS,NSE,2024-01-12,3848.0,3905.25,3821.6,3882.8,6813450
TCS,NSE,2024-01-15,3960.0,3965.0,3885.0,3903.8,2801505
TCS,NSE,2024-01-16,3899.0,3899.0,3855.55,3861.3,1432672
TCS,NSE,2024-01-17,3819.0,3909.95,3812.55,3884.6,3458696
TCS,NSE,2024-01-18,3898.0,3908.8,3862.0,3902.6,2239110
TCS,NSE,2024-01-19,3945.0,3963.55,3915.05,3943.05,2941975
TCS,NSE,2024-01-23,3900.0,3933.9,3842.75,3858.25,2618854
TCS,NSE,2024-01-24,3880.0,3883.65,3805.6,3841.8,2657709
TCS,NSE,2024-01-25,3839.9,3861.0,3778.7,3810.3,2205154
TCS,NSE,2024-01-29,3800.8,3820.0,3780.85,3801.0,1646747
TCS,NSE,2024-01-30,3807.45,3847.8,3787.0,3800.55,1411621
TCS,NSE,2024-01-31,3811.2,3834.0,3796.45,3815.95,2459358
TCS,NSE,2024-02-01,3820.0,3904.9,3805.05,3854.15,2363107
TCS,NSE,2024-02-02,3875.05,3984.4,3872.0,3966.3,2826510
TCS,NSE,2024-02-05,3983.0,4022.0,3962.1,3973.3,1691523
TCS,NSE,2024-02-06,3997.0,4149.9,3990.0,4136.0,4474396
TCS,NSE,2024-02-07,4153.0,4155.0,4073.95,4083.4,2124267
TCS,NSE,2024-02-08,4090.0,4158.0,4086.05,4134.1,2345173
TCS,NSE,2024-02-09,4136.55,4184.75,4100.0,4133.7,2100596
TCS,NSE,2024-02-12,4130.0,4159.6,4105.55,4120.7,1013716
TCS,NSE,2024-02-13,4125.45,4170.0,4081.5,4149.5,1257415
TCS,NSE,2024-02-14,4107.0,4114.9,4049.5,4100.1,1391283
TCS,NSE,2024-02-15,4128.0,4146.3,4083.0,4103.2,1091582
TCS,NSE,2024-02-16,4113.25,4147.95,4100.1,4128.3,1307556
TCS,NSE,2024-02-19,4123.05,4128.3,4055.0,4103.8,772291
TCS,NSE,2024-02-20,4082.1,4098.0,4010.0,4030.65,1193648
TCS,NSE,2024-02-21,4013.0,4063.35,3980.6,3991.5,1885939
TCS,NSE,2024-02-22,3971.0,4094.95,3971.0,4087.1,2982052
TCS,NSE,2024-02-23,4130.0,4130.0,4046.4,4052.1,2538072
TCS,NSE,2024-02-26,4036.0,4050.0,3982.75,4001.05,1379284
TCS,NSE,2024-02-27,3999.0,4124.0,3999.0,4104.4,2960475
TCS,NSE,2024-02-28,4095.6,4154.9,4089.0,4118.95,1939225
TCS,NSE,2024-02-29,4099.0,4138.1,4064.55,4095.1,3772719
TCS,NSE,2024-03-01,4107.2,4140.0,4086.8,4094.35,2043265
TCS,NSE,2024-03-04,4105.0,4117.9,4075.9,4080.7,1749271
TCS,NSE,2024-03-05,4062.0,4064.0,3980.0,4012.1,2070859
TCS,NSE,2024-03-06,3994.05,4072.0,3958.45,4064.3,1744204
TCS,NSE,2024-03-07,4065.0,4124.0,4037.7,4108.6,2688905
TCS,NSE,2024-03-11,4089.0,4153.0,4089.0,4122.35,2304068
TCS,NSE,2024-03-12,4122.35,4229.95,4121.05,4192.25,4039801
TCS,NSE,2024-03-13,4205.0,4241.0,4131.9,4149.0,2837260
TCS,NSE,2024-03-14,4153.45,4225.0,4086.0,4207.6,2919608
TCS,NSE,2024-03-15,4192.6,4239.0,4177.0,4219.25,3373143
TCS,NSE,2024-03-18,4215.25,4254.75,4117.85,4152.5,1526904
TCS,NSE,2024-03-19,4051.25,4058.0,3966.6,3977.3,8931209
TCS,NSE,2024-03-20,3986.0,4018.0,3960.2,3970.9,1817913
TCS,NSE,2024-03-21,3990.05,4008.4,3948.0,3972.95,3829582
TCS,NSE,2024-03-22,3897.0,3938.0,3855.0,3910.9,5852485
TCS,NSE,2024-03-26,3875.0,3946.7,3871.45,3877.5,3440925
TCS,NSE,2024-03-27,3888.5,3895.0,3829.4,3840.9,1968575
TCS,NSE,2024-03-28,3850.1,3915.0,3840.5,3876.3,4311783
TCS,NSE,2024-04-01,3897.7,3933.3,3888.05,3916.75,1569676
TCS,NSE,2024-04-02,3890.0,3909.85,3873.0,3883.8,2142666
TCS,NSE,2024-04-03,3851.0,3981.0,3851.0,3947.3,3973090
TCS,NSE,2024-04-04,3975.9,4028.65,3935.25,4003.3,3394637
TCS,NSE,2024-04-05,3978.0,4002.0,3960.5,3979.25,1636819
TCS,NSE,2024-04-08,3983.0,4032.65,3960.0,3972.55,2302538
TCS,NSE,2024-04-09,3984.0,4015.85,3925.05,3946.55,1876992
TCS,NSE,2024-04-10,3956.4,3990.2,3918.0,3984.65,2101965
TCS,NSE,2024-04-12,3971.0,4013.35,3945.5,4001.4,4354821
TCS,NSE,2024-04-15,4001.4,4064.2,3919.05,3941.2,4200329
TCS,NSE,2024-04-16,3902.0,3928.7,3862.85,3872.8,3051420
TCS,NSE,2024-04-18,3876.8,3936.0,3850.0,3862.0,3476284
TCS,NSE,2024-04-19,3838.0,3852.55,3800.9,3826.2,2957749
TCS,NSE,2024-04-22,3837.0,3878.0,3812.0,3864.6,1728883
TCS,NSE,2024-04-23,3877.05,3895.0,3860.6,3874.7,1807586
TCS,NSE,2024-04-24,3890.0,3898.0,3824.45,3831.05,1317312
TCS,NSE,2024-04-25,3811.2,3873.65,3811.0,3852.2,2856271
TCS,NSE,2024-04-26,3855.15,3876.8,3802.55,3821.35,2039178
TCS,NSE,2024-04-29,3838.0,3877.8,3819.2,3870.2,1110693
TCS,NSE,2024-04-30,3872.0,3881.75,3810.0,3820.65,2203078
TCS,NSE,2024-05-02,3778.05,3871.1,3778.05,3863.3,2491044
TCS,NSE,2024-05-03,3890.15,3893.6,3797.6,3843.4,2962234
TCS,NSE,2024-05-06,3853.0,3939.95,3853.0,3921.05,2053831
TCS,NSE,2024-05-07,3930.8,3988.0,3913.5,3978.95,2062112
TCS,NSE,2024-05-08,3961.0,3984.3,3938.6,3976.95,1247685
TCS,NSE,2024-05-09,3962.0,3971.0,3910.05,3960.2,1726486
TCS,NSE,2024-05-10,3962.6,3973.6,3885.05,3893.9,1672489
TCS,NSE,2024-05-13,3884.5,3955.0,3870.0,3947.8,931326
TCS,NSE,2024-05-14,3936.0,3945.8,3892.9,3901.2,1058317
TCS,NSE,2024-05-15,3904.5,3926.95,3875.5,3880.4,1115021
TCS,NSE,2024-05-16,3891.1,3909.5,3843.5,3900.95,2599399
TCS,NSE,2024-05-17,3919.0,3920.0,3830.0,3834.1,2765804
TCS,NSE,2024-05-21,3830.6,3844.75,3810.05,3820.2,1908117
TCS,NSE,2024-05-22,3835.0,3841.25,3817.55,3832.0,1311168
TCS,NSE,2024-05-23,3840.95,3905.0,3825.5,3893.45,2095742
TCS,NSE,2024-05-24,3878.25,3883.8,3844.3,3849.5,1309452
TCS,NSE,2024-05-27,3855.0,3908.35,3841.35,3847.05,1841538
TCS,NSE,2024-05-28,3858.0,3870.0,3830.0,3839.9,1801993
TCS,NSE,2024-05-29,3848.9,3848.9,3800.0,3803.65,1568095
TCS,NSE,2024-05-30,3777.0,3794.4,3715.45,3736.1,2919230
TCS,NSE,2024-05-31,3740.0,3749.8,3653.75,3670.95,10956800
TCS,NSE,2024-06-03,3732.8,3751.55,3696.0,3702.85,2156773
TCS,NSE,2024-06-04,3700.0,3745.0,3591.5,3715.0,3395997
TCS,NSE,2024-06-05,3716.0,3783.8,3700.0,3746.45,2799670
TCS,NSE,2024-06-06,3781.0,3839.9,3741.5,3830.4,4328036
TCS,NSE,2024-06-07,3837.3,3915.0,3837.3,3893.95,4552445
TCS,NSE,2024-06-10,3895.0,3905.9,3841.9,3858.7,1734661
TCS,NSE,2024-06-11,3845.0,3879.95,3841.0,3852.1,1419898
TCS,NSE,2024-06-12,3874.4,3893.5,3827.45,3831.65,2177001
TCS,NSE,2024-06-13,3856.8,3890.0,3852.0,3878.15,1932323
TCS,NSE,2024-06-14,3889.0,3889.0,3828.0,3832.05,1860730
TCS,NSE,2024-06-18,3826.05,3842.0,3795.05,3815.1,1774045
TCS,NSE,2024-06-19,3827.65,3833.85,3792.95,3801.7,1509050
TCS,NSE,2024-06-20,3796.0,3809.95,3780.05,3787.25,2846526
TCS,NSE,2024-06-21,3827.0,3877.8,3798.05,3810.75,4642195
TCS,NSE,2024-06-24,3808.75,3857.0,3791.3,3816.8,1702154
TCS,NSE,2024-06-25,3817.0,3847.65,3792.9,3838.45,1338808
TCS,NSE,2024-06-26,3844.5,3866.95,3841.0,3855.85,1639845
TCS,NSE,2024-06-27,3831.0,3942.0,3818.1,3934.15,4526556
TCS,NSE,2024-06-28,3917.8,3960.0,3897.85,3904.15,2731571
TCS,NSE,2024-07-01,3884.0,4001.7,3884.0,3978.2,2658723
TCS,NSE,2024-07-02,3993.6,4023.4,3982.55,4017.4,2307449
TCS,NSE,2024-07-03,4020.0,4026.1,3955.0,3965.25,1821198
TCS,NSE,2024-07-04,3999.85,4047.35,3982.1,4020.95,2518001
TCS,NSE,2024-07-05,4010.0,4026.75,3988.0,4011.8,1668616
TCS,NSE,2024-07-08,4022.0,4031.25,3978.05,3993.2,1758882
TCS,NSE,2024-07-09,3985.0,4006.95,3975.1,3985.5,1305801
TCS,NSE,2024-07-10,3983.7,4003.3,3902.0,3909.15,2669716
TCS,NSE,2024-07-11,3931.0,3980.0,3895.6,3923.7,4872189
TCS,NSE,2024-07-12,3980.0,4199.95,3971.3,4183.95,13509164
TCS,NSE,2024-07-15,4235.7,4240.0,4157.05,4169.2,4848030
TCS,NSE,2024-07-16,4172.0,4194.55,4144.9,4178.45,2029521
TCS,NSE,2024-07-18,4160.0,4325.0,4160.0,4315.55,5613364
TCS,NSE,2024-07-19,4317.4,4358.75,4285.25,4302.4,3903354
TCS,NSE,2024-07-22,4299.95,4319.95,4265.0,4287.35,1896386
TCS,NSE,2024-07-23,4283.0,4361.7,4266.3,4302.35,2365208
TCS,NSE,2024-07-24,4287.5,4339.1,4268.1,4306.25,1809793
TCS,NSE,2024-07-25,4295.0,4343.0,4274.2,4322.5,2810342
TCS,NSE,2024-07-26,4350.0,4422.45,4337.05,4387.85,3552210
TCS,NSE,2024-07-29,4415.0,4431.0,4371.0,4381.1,1746803
TCS,NSE,2024-07-30,4391.1,4398.0,4327.3,4365.35,1797906
TCS,NSE,2024-07-31,4350.0,4414.0,4345.0,4385.35,2330091
TCS,NSE,2024-08-01,4399.4,4419.3,4365.05,4397.1,2202244
TCS,NSE,2024-08-02,4365.0,4398.0,4270.0,4283.05,2811282
TCS,NSE,2024-08-05,4239.0,4239.0,4110.5,4155.05,2787771
TCS,NSE,2024-08-06,4170.95,4258.25,4160.8,4171.2,2203067
TCS,NSE,2024-08-07,4228.0,4244.95,4180.3,4200.45,1237666
TCS,NSE,2024-08-08,4181.0,4232.0,4160.0,4172.55,2441283
TCS,NSE,2024-08-09,4217.0,4253.65,4205.55,4228.75,1302536
TCS,NSE,2024-08-12,4230.0,4239.0,4186.35,4195.65,936912
TCS,NSE,2024-08-13,4213.0,4234.0,4183.0,4196.95,1495593
TCS,NSE,2024-08-14,4209.0,4306.2,4188.15,4295.25,3226545
TCS,NSE,2024-08-16,4350.0,4427.0,4325.1,4416.05,3457058
TCS,NSE,2024-08-19,4421.0,4494.25,4390.35,4490.0,2055210
TCS,NSE,2024-08-20,4505.0,4565.0,4500.0,4523.3,2212298
TCS,NSE,2024-08-21,4518.0,4560.0,4492.55,4551.5,1896990
TCS,NSE,2024-08-22,4560.0,4560.95,4497.2,4502.0,1829872
TCS,NSE,2024-08-23,4500.0,4506.0,4455.0,4463.9,1809253
TCS,NSE,2024-08-26,4489.0,4552.15,4485.0,4502.45,1844164
TCS,NSE,2024-08-27,4505.0,4510.0,4486.8,4497.15,930697
TCS,NSE,2024-08-28,4498.75,4562.5,4457.3,4506.05,1848058
TCS,NSE,2024-08-29,4460.0,4556.0,4460.0,4511.8,2133641
TCS,NSE,2024-08-30,4500.0,4592.25,4487.8,4553.75,3637222
TCS,NSE,2024-09-02,4576.0,4588.0,4512.0,4521.05,1216500
TCS,NSE,2024-09-03,4521.05,4555.9,4495.9,4512.35,1717263
TCS,NSE,2024-09-04,4476.95,4487.0,4436.7,4479.25,1265505
TCS,NSE,2024-09-05,4481.0,4499.0,4454.15,4475.95,1688793
TCS,NSE,2024-09-06,4473.95,4518.95,4440.0,4456.75,1649179
TCS,NSE,2024-09-09,4455.0,4490.25,4430.5,4449.55,1184938
TCS,NSE,2024-09-10,4442.45,4539.95,4440.45,4507.85,1385591
TCS,NSE,2024-09-11,4521.45,4549.35,4471.25,4479.35,1325919
TCS,NSE,2024-09-12,4510.25,4532.6,4431.3,4517.7,2742216
TCS,NSE,2024-09-13,4530.0,4547.0,4505.0,4522.6,1458786
TCS,NSE,2024-09-16,4527.0,4546.05,4494.45,4513.25,1155120
TCS,NSE,2024-09-17,4513.25,4535.8,4466.0,4505.65,1699364
TCS,NSE,2024-09-18,4497.05,4497.05,4321.0,4346.15,2961779
TCS,NSE,2024-09-19,4390.05,4422.2,4281.8,4296.15,2927551
TCS,NSE,2024-09-20,4316.9,4330.7,4227.5,4284.9,5447908
TCS,NSE,2024-09-23,4300.0,4309.4,4253.0,4268.5,1702319
TCS,NSE,2024-09-24,4251.65,4291.0,4240.0,4271.3,3012026
TCS,NSE,2024-09-25,4252.35,4289.6,4240.0,4274.75,2713073
TCS,NSE,2024-09-26,4260.0,4316.8,4260.0,4292.5,3964251
TCS,NSE,2024-09-27,4335.0,4378.0,4300.05,4308.7,3012477
TCS,NSE,2024-09-30,4286.9,4298.75,4260.05,4268.5,2503416
TCS,NSE,2024-10-01,4255.55,4295.75,4242.95,4287.9,1823365
TCS,NSE,2024-10-03,4262.6,4279.0,4210.0,4232.75,3350119
TCS,NSE,2024-10-04,4225.0,4298.0,4224.05,4252.25,2965463
TCS,NSE,2024-10-07,4273.9,4297.25,4229.4,4272.85,1472619
TCS,NSE,2024-10-08,4272.6,4279.4,4203.95,4253.25,1541867
TCS,NSE,2024-10-09,4260.0,4295.0,4246.7,4252.95,1082504
TCS,NSE,2024-10-10,4253.25,4293.85,4198.6,4227.4,2378875
TCS,NSE,2024-10-11,4143.0,4241.95,4112.45,4149.2,5759183
TCS,NSE,2024-10-14,4140.0,4165.4,4122.2,4136.65,2137590
TCS,NSE,2024-10-15,4131.05,4169.95,4095.0,4116.8,2759474
TCS,NSE,2024-10-16,4085.0,4115.0,4067.2,4094.95,2359151
TCS,NSE,2024-10-17,4112.8,4129.95,4092.95,4109.0,2522659
TCS,NSE,2024-10-18,4090.0,4146.15,4080.0,4123.05,2361000
TCS,NSE,2024-10-21,4132.6,4139.95,4070.0,4079.85,1595450
TCS,NSE,2024-10-22,4066.0,4089.8,4006.35,4015.5,1928049
TCS,NSE,2024-10-23,3999.6,4113.55,3995.15,4066.25,1966476
TCS,NSE,2024-10-24,4004.0,4079.0,4004.0,4047.9,2676744
TCS,NSE,2024-10-25,4057.05,4092.0,4032.7,4057.55,1759676
TCS,NSE,2024-10-28,4068.95,4134.0,4051.0,4090.85,1532534
TCS,NSE,2024-10-29,4095.85,4103.5,4060.1,4075.25,1445885
TCS,NSE,2024-10-30,4075.0,4107.0,4060.05,4084.65,1935002
TCS,NSE,2024-10-31,4070.0,4078.3,3960.0,3968.45,3740372
TCS,NSE,2024-11-01,3989.85,3998.95,3976.05,3984.2,154895
TCS,NSE,2024-11-04,3966.3,3991.9,3913.25,3964.15,2269192
TCS,NSE,2024-11-05,3941.1,3986.0,3941.1,3971.35,967590
TCS,NSE,2024-11-06,4003.6,4149.8,3975.25,4139.65,3792017
TCS,NSE,2024-11-07,4169.7,4205.8,4085.05,4150.9,3724349
TCS,NSE,2024-11-08,4155.0,4169.75,4117.65,4147.0,1648039
TCS,NSE,2024-11-11,4128.2,4234.3,4117.65,4198.7,1406487
TCS,NSE,2024-11-12,4216.0,4218.0,4164.35,4197.4,1587640
TCS,NSE,2024-11-13,4178.1,4196.75,4131.05,4150.35,1098813
TCS,NSE,2024-11-14,4135.0,4160.0,4116.45,4145.9,1825432
TCS,NSE,2024-11-18,4213.0,4213.0,3990.2,4019.5,3313944
TCS,NSE,2024-11-19,4019.9,4132.15,4014.1,4039.55,1776233
TCS,NSE,2024-11-21,4044.9,4092.45,4024.0,4072.85,2384347
TCS,NSE,2024-11-22,4071.0,4254.95,4054.0,4244.6,3096553
TCS,NSE,2024-11-25,4280.0,4328.1,4252.2,4315.1,4052167
TCS,NSE,2024-11-26,4321.05,4366.6,4310.0,4352.7,2060669
TCS,NSE,2024-11-27,4358.95,4377.4,4324.05,4332.55,1558993
TCS,NSE,2024-11-28,4319.0,4339.95,4233.0,4244.9,2558544
TCS,NSE,2024-11-29,4220.0,4298.7,4195.65,4270.85,2017425
TCS,NSE,2024-12-02,4270.0,4288.2,4230.05,4276.65,1670944
TCS,NSE,2024-12-03,4314.35,4325.0,4265.45,4302.75,2010905
TCS,NSE,2024-12-04,4313.55,4386.95,4289.05,4354.4,3302642
TCS,NSE,2024-12-05,4400.8,4489.0,4360.0,4464.05,3746747
TCS,NSE,2024-12-06,4453.0,4465.0,4412.75,4445.5,1842087
TCS,NSE,2024-12-09,4430.45,4469.4,4415.55,4452.15,2066639
TCS,NSE,2024-12-10,4426.15,4493.8,4412.1,4432.55,2087828
TCS,NSE,2024-12-11,4431.85,4448.65,4407.0,4427.45,1635256
TCS,NSE,2024-12-12,4430.05,4485.0,4426.0,4454.95,1914642
TCS,NSE,2024-12-13,4434.95,4494.9,4394.4,4473.9,1967048
TCS,NSE,2024-12-16,4459.0,4475.0,4397.0,4415.2,1646224
TCS,NSE,2024-12-17,4410.0,4432.95,4318.0,4328.5,3225027
TCS,NSE,2024-12-18,4311.7,4362.0,4289.6,4347.85,1575404
TCS,NSE,2024-12-19,4282.0,4364.0,4262.0,4271.9,3015763
TCS,NSE,2024-12-20,4329.0,4382.0,4152.5,4170.3,4116989
TCS,NSE,2024-12-23,4200.05,4217.0,4114.9,4158.3,2195338
TCS,NSE,2024-12-24,4158.3,4218.0,4158.3,4179.5,1181886
TCS,NSE,2024-12-26,4179.5,4199.95,4143.15,4169.1,1208464
TCS,NSE,2024-12-27,4163.0,4180.95,4147.25,4164.85,858100
TCS,NSE,2024-12-30,4151.0,4199.3,4112.0,4158.8,1527169
TCS,NSE,2024-12-31,4135.0,4139.95,4032.05,4094.8,1555429
TCS,NSE,2025-01-01,4094.4,4134.0,4085.45,4112.45,763161
TCS,NSE,2025-01-02,4120.0,4183.0,4096.95,4175.75,1720835
TCS,NSE,2025-01-03,4179.95,4179.95,4092.3,4099.9,1791953
TCS,NSE,2025-01-06,4105.5,4149.65,4066.4,4095.0,2085593
TCS,NSE,2025-01-07,4114.95,4140.35,4011.55,4028.3,2669054
TCS,NSE,2025-01-08,4034.9,4126.0,4017.75,4108.4,2181277
TCS,NSE,2025-01-09,4101.0,4137.75,4025.3,4038.85,2392472
TCS,NSE,2025-01-10,4200.0,4297.0,4170.0,4265.65,7894300
TCS,NSE,2025-01-13,4245.0,4322.95,4227.4,4291.1,4003771
TCS,NSE,2025-01-14,4302.0,4313.9,4219.05,4233.05,3441709
TCS,NSE,2025-01-15,4218.0,4256.45,4207.45,4249.6,1653474
TCS,NSE,2025-01-16,4260.0,4294.0,4191.85,4206.3,2637705
TCS,NSE,2025-01-17,4159.9,4160.6,4100.05,4124.3,1761466
TCS,NSE,2025-01-20,4145.8,4145.8,4068.1,4077.8,1287799
TCS,NSE,2025-01-21,4095.3,4111.0,4030.0,4035.85,1971591
TCS,NSE,2025-01-22,4050.0,4163.15,4044.2,4156.6,2409223
TCS,NSE,2025-01-23,4168.0,4191.35,4140.05,4145.45,1822998
TCS,NSE,2025-01-24,4104.0,4178.0,4104.0,4152.35,1910099
TCS,NSE,2025-01-27,4102.0,4156.35,4041.05,4065.15,1551782
TCS,NSE,2025-01-28,4070.8,4102.0,4028.3,4040.3,2468272
TCS,NSE,2025-01-29,4054.0,4107.85,4054.0,4099.8,1217089
TCS,NSE,2025-01-30,4099.9,4129.9,4058.5,4100.05,1531251
TCS,NSE,2025-01-31,4110.0,4128.45,4085.25,4112.4,1492943
TCS,NSE,2025-02-01,4113.0,4135.9,4056.0,4073.15,437172
TCS,NSE,2025-02-03,4030.9,4077.0,3998.7,4068.65,1265713
TCS,NSE,2025-02-04,4083.7,4118.85,4066.05,4107.05,2547132
TCS,NSE,2025-02-05,4150.0,4150.0,4076.0,4091.1,1693912
TCS,NSE,2025-02-06,4105.4,4139.5,4051.55,4082.75,2284536
TCS,NSE,2025-02-07,4090.0,4090.0,4008.0,4029.4,1548940
TCS,NSE,2025-02-10,4040.0,4052.0,4014.35,4036.95,1339511
TCS,NSE,2025-02-11,4018.4,4040.0,3955.0,3963.55,1810908
TCS,NSE,2025-02-12,3971.1,4021.75,3940.15,3950.15,1678002
TCS,NSE,2025-02-13,3968.0,3984.45,3902.25,3910.15,2277310
TCS,NSE,2025-02-14,3925.0,3948.0,3900.0,3934.85,1681975
TCS,NSE,2025-02-17,3856.5,3934.0,3856.2,3904.5,1799806
TCS,NSE,2025-02-18,3898.4,3924.4,3864.5,3873.2,2149879
TCS,NSE,2025-02-19,3872.2,3874.95,3768.15,3784.1,4366672
TCS,NSE,2025-02-20,3761.5,3788.0,3751.3,3779.4,2888572
TCS,NSE,2025-02-21,3776.1,3817.0,3775.0,3786.0,1833931
TCS,NSE,2025-02-24,3743.15,3763.2,3670.0,3675.6,2508516
TCS,NSE,2025-02-25,3625.0,3658.0,3621.25,3629.55,4101954
TCS,NSE,2025-02-27,3611.7,3638.0,3600.7,3612.55,3823856
TCS,NSE,2025-02-28,3584.95,3600.0,3457.0,3483.25,7085018
TCS,NSE,2025-03-03,3485.0,3523.25,3476.15,3493.05,4990439
TCS,NSE,2025-03-04,3474.0,3551.0,3464.3,3532.05,2797737
TCS,NSE,2025-03-05,3520.85,3600.35,3520.85,3547.05,2501894
TCS,NSE,2025-03-06,3557.0,3609.45,3536.1,3601.6,2786513
TCS,NSE,2025-03-07,3600.0,3625.0,3574.4,3611.2,2051315
TCS,NSE,2025-03-10,3606.5,3622.1,3582.6,3589.65,1004626
TCS,NSE,2025-03-11,3558.0,3588.75,3537.65,3575.3,1995450
TCS,NSE,2025-03-12,3565.0,3569.25,3486.85,3506.2,3174167
TCS,NSE,2025-03-13,3502.3,3524.3,3484.1,3511.05,1693004
TCS,NSE,2025-03-17,3489.0,3530.45,3477.35,3497.7,2690906
TCS,NSE,2025-03-18,3497.7,3497.7,3497.7,3497.7,0
TCS,NSE,2025-03-19,3547.0,3547.0,3462.75,3497.1,3051244
TCS,NSE,2025-03-20,3512.0,3578.95,3512.0,3563.15,2845192
TCS,NSE,2025-03-21,3475.0,3616.25,3465.0,3578.1,4161925
TCS,NSE,2025-03-24,3600.0,3649.75,3566.6,3628.95,1834751
TCS,NSE,2025-03-25,3645.0,3710.0,3638.0,3657.75,3135390
TCS,NSE,2025-03-26,3647.75,3680.5,3625.85,3635.8,1734499
TCS,NSE,2025-03-27,3614.85,3663.0,3610.5,3651.2,2528474
TCS,NSE,2025-03-28,3651.0,3660.95,3591.9,3606.15,2051919
TCS,NSE,2025-04-01,3572.7,3584.0,3525.0,3550.8,2618493
TCS,NSE,2025-04-02,3544.0,3564.1,3530.05,3543.95,1764313
TCS,NSE,2025-04-03,3491.0,3502.0,3396.15,3403.15,4537821
TCS,NSE,2025-04-04,3362.6,3399.65,3295.5,3299.4,5317367
TCS,NSE,2025-04-07,3100.0,3291.4,3056.05,3274.05,6623955
TCS,NSE,2025-04-08,3302.05,3349.0,3255.3,3292.95,5557558
TCS,NSE,2025-04-09,3260.55,3270.0,3212.05,3246.6,2990265
TCS,NSE,2025-04-11,3289.55,3298.95,3206.0,3231.5,7108961
TCS,NSE,2025-04-15,3314.4,3314.4,3238.6,3248.2,3512160
TCS,NSE,2025-04-16,3248.2,3278.1,3229.0,3273.8,2384391
TCS,NSE,2025-04-17,3245.5,3303.6,3218.0,3298.9,2932346
TCS,NSE,2025-04-21,3290.1,3354.0,3284.1,3321.6,2432946
TCS,NSE,2025-04-22,3322.6,3333.9,3295.0,3314.4,2710498
TCS,NSE,2025-04-23,3365.0,3420.9,3337.3,3413.0,3543923
TCS,NSE,2025-04-24,3401.1,3412.5,3387.7,3401.6,2252175
TCS,NSE,2025-04-25,3420.0,3477.8,3405.0,3448.0,2742991
TCS,NSE,2025-04-28,3435.0,3457.8,3405.0,3443.5,1593296
TCS,NSE,2025-04-29,3455.0,3495.0,3430.4,3472.5,1578332
TCS,NSE,2025-04-30,3472.0,3509.9,3366.0,3453.7,2809332
TCS,NSE,2025-05-02,3472.0,3491.5,3420.0,3431.0,1721761
TCS,NSE,2025-05-05,3450.0,3504.5,3446.4,3454.3,1284443
TCS,NSE,2025-05-06,3460.0,3473.0,3437.0,3460.0,1324763
TCS,NSE,2025-05-07,3420.6,3459.5,3420.6,3445.1,1477128
TCS,NSE,2025-05-08,3448.0,3477.0,3428.7,3448.9,2543591
TCS,NSE,2025-05-09,3399.0,3446.2,3398.1,3440.3,2531757
TCS,NSE,2025-05-12,3505.0,3630.5,3502.2,3620.4,2228678
TCS,NSE,2025-05-13,3620.4,3623.0,3510.5,3515.0,3062887
TCS,NSE,2025-05-14,3521.0,3561.0,3508.6,3548.7,2119499
TCS,NSE,2025-05-15,3564.0,3600.0,3514.1,3579.9,3548330
TCS,NSE,2025-05-16,3593.9,3593.9,3546.1,3561.3,1666727
TCS,NSE,2025-05-19,3550.0,3550.0,3503.7,3518.8,2537377
TCS,NSE,2025-05-20,3531.8,3558.0,3494.0,3498.3,2038374
TCS,NSE,2025-05-21,3508.0,3537.0,3498.3,3525.8,1440153
TCS,NSE,2025-05-22,3495.0,3497.8,3451.3,3477.0,2034383
TCS,NSE,2025-05-23,3477.0,3535.0,3465.6,3514.6,1274331
TCS,NSE,2025-05-26,3521.0,3545.0,3510.1,3537.3,967470
TCS,NSE,2025-05-27,3532.0,3540.0,3483.1,3498.7,2467680
TCS,NSE,2025-05-28,3520.0,3529.0,3493.0,3497.7,1222933
TCS,NSE,2025-05-29,3504.7,3532.5,3486.5,3498.1,3188072
TCS,NSE,2025-05-30,3490.0,3506.7,3453.1,3463.4,3404365
TCS,NSE,2025-06-02,3450.0,3460.0,3418.6,3449.8,1877585
TCS,NSE,2025-06-03,3446.0,3473.5,3400.5,3405.2,2848125
TCS,NSE,2025-06-04,3389.0,3394.8,3370.0,3380.9,2544807
TCS,NSE,2025-06-05,3409.0,3409.0,3363.7,3371.1,3584683
TCS,NSE,2025-06-06,3371.1,3390.9,3358.7,3384.2,2070390
TCS,NSE,2025-06-09,3400.0,3434.0,3390.9,3421.9,1718678
TCS,NSE,2025-06-10,3440.0,3485.8,3423.2,3462.9,2419874
TCS,NSE,2025-06-11,3470.0,3489.0,3449.1,3471.9,2847013
TCS,NSE,2025-06-12,3471.9,3474.7,3423.2,3434.2,4060134
TCS,NSE,2025-06-13,3393.2,3450.5,3393.2,3445.7,2178493
TCS,NSE,2025-06-16,3440.0,3509.0,3426.2,3496.3,1934088
TCS,NSE,2025-06-17,3510.0,3520.0,3488.1,3515.3,2111940
TCS,NSE,2025-06-18,3519.1,3538.0,3443.1,3451.4,2696327
TCS,NSE,2025-06-19,3450.0,3451.0,3413.0,3424.0,2672768
TCS,NSE,2025-06-20,3425.0,3446.3,3410.9,3435.7,2351248
TCS,NSE,2025-06-23,3415.0,3425.0,3370.0,3393.6,3123421
TCS,NSE,2025-06-24,3434.6,3442.1,3382.0,3390.4,3403048
TCS,NSE,2025-06-25,3407.3,3450.0,3400.0,3444.8,1757699
TCS,NSE,2025-06-26,3444.8,3451.4,3415.3,3441.8,2879106
TCS,NSE,2025-06-27,3455.0,3466.4,3431.0,3441.1,1778433
TCS,NSE,2025-06-30,3439.9,3464.9,3430.0,3462.0,1468351
TCS,NSE,2025-07-01,3455.0,3485.0,3413.5,3429.7,2375183
TCS,NSE,2025-07-02,3487.2,3489.9,3420.0,3423.3,3090585
TCS,NSE,2025-07-03,3430.0,3435.3,3397.6,3400.8,2531870
TCS,NSE,2025-07-04,3408.0,3427.0,3390.1,3419.8,1109320
TCS,NSE,2025-07-07,3418.3,3426.1,3408.4,3411.7,1639174
TCS,NSE,2025-07-08,3405.0,3425.0,3393.4,3406.2,2325242
TCS,NSE,2025-07-09,3410.0,3414.0,3367.0,3383.8,2034938
TCS,NSE,2025-07-10,3380.0,3399.0,3356.0,3382.0,3035012
TCS,NSE,2025-07-11,3299.9,3335.0,3261.1,3266.0,7635550
TCS,NSE,2025-07-14,3266.0,3272.0,3200.0,3222.7,3924009
TCS,NSE,2025-07-15,3206.0,3259.4,3206.0,3252.3,2590889
TCS,NSE,2025-07-16,3227.0,3244.9,3220.6,3233.1,2540733
TCS,NSE,2025-07-17,3224.1,3242.0,3204.1,3209.2,2947640
TCS,NSE,2025-07-18,3225.0,3228.8,3187.0,3189.9,3432645
TCS,NSE,2025-07-21,3190.0,3197.6,3152.0,3158.2,3844346
TCS,NSE,2025-07-22,3159.6,3180.1,3154.6,3159.6,3198036
TCS,NSE,2025-07-23,3159.6,3182.0,3157.6,3179.1,1922875
TCS,NSE,2025-07-24,3165.1,3173.7,3140.0,3148.0,2934778
TCS,NSE,2025-07-25,3140.0,3156.9,3125.6,3135.8,2568917
TCS,NSE,2025-07-28,3110.0,3118.0,3069.9,3079.3,3374473
TCS,NSE,2025-07-29,3060.0,3074.0,3041.2,3056.0,4785312
TCS,NSE,2025-07-30,3060.0,3069.0,3047.2,3053.6,2880121
TCS,NSE,2025-07-31,3041.7,3059.8,3015.0,3036.8,2968371
TCS,NSE,2025-08-01,3029.9,3036.8,3000.0,3003.0,2053847
TCS,NSE,2025-08-04,3009.1,3079.4,2991.6,3074.4,2519252
TCS,NSE,2025-08-05,3074.4,3077.5,3042.0,3063.9,1927996
TCS,NSE,2025-08-06,3063.0,3066.8,3026.0,3032.3,1487081
TCS,NSE,2025-08-07,3016.0,3051.6,3010.9,3047.0,2543076
TCS,NSE,2025-08-08,3048.1,3059.8,3025.0,3036.4,2762140
TCS,NSE,2025-08-11,3036.4,3049.9,3021.3,3040.8,1884215
TCS,NSE,2025-08-12,3041.0,3096.4,3026.9,3035.4,3358232
TCS,NSE,2025-08-13,3036.1,3044.4,3028.6,3036.2,2148166
TCS,NSE,2025-08-14,3034.0,3055.9,3019.1,3022.3,3342174
TCS,NSE,2025-08-18,3046.5,3049.0,3003.4,3011.2,2945609
TCS,NSE,2025-08-19,3011.2,3025.0,3011.1,3016.2,2650784
TCS,NSE,2025-08-20,3010.9,3103.4,3010.9,3098.6,4952358
TCS,NSE,2025-08-21,3130.0,3130.0,3083.1,3102.6,3230726
TCS,NSE,2025-08-22,3086.0,3095.7,3050.0,3054.0,1593791
TCS,NSE,2025-08-25,3087.3,3152.0,3077.1,3140.6,3448370
TCS,NSE,2025-08-26,3129.0,3162.0,3120.0,3157.2,5522097
TCS,NSE,2025-08-28,3145.0,3146.5,3086.5,3093.7,3116051
TCS,NSE,2025-08-29,3093.0,3115.0,3077.2,3084.7,2271789
TCS,NSE,2025-09-01,3090.0,3131.1,3090.0,3112.6,1246862
TCS,NSE,2025-09-02,3121.1,3155.0,3103.1,3111.5,2185229
TCS,NSE,2025-09-03,3129.9,3141.9,3088.0,3097.5,1799774
TCS,NSE,2025-09-04,3116.0,3118.0,3090.8,3095.7,1481391
TCS,NSE,2025-09-05,3097.1,3103.4,3028.6,3048.3,2802055
TCS,NSE,2025-09-08,3050.0,3064.9,3016.0,3019.0,2626187
TCS,NSE,2025-09-09,3032.1,3060.0,3030.8,3049.4,2489301
TCS,NSE,2025-09-10,3056.4,3122.7,3053.4,3110.0,2079428
TCS,NSE,2025-09-11,3139.0,3139.0,3110.1,3124.2,2263446
TCS,NSE,2025-09-12,3144.0,3148.7,3121.0,3133.4,1447167
TCS,NSE,2025-09-15,3134.0,3134.0,3096.0,3111.9,1732539
TCS,NSE,2025-09-16,3128.0,3150.0,3109.1,3145.7,2573429
TCS,NSE,2025-09-17,3152.0,3182.4,3142.4,3172.8,2418271
TCS,NSE,2025-09-18,3185.0,3203.0,3161.4,3176.7,2633138
TCS,NSE,2025-09-19,3170.0,3180.5,3144.0,3169.2,4901694
TCS,NSE,2025-09-22,3095.0,3106.9,3065.0,3073.8,3634901
TCS,NSE,2025-09-23,3070.0,3080.7,3052.0,3062.4,3177741
TCS,NSE,2025-09-24,3050.0,3057.0,3033.0,3035.4,1625714
TCS,NSE,2025-09-25,3022.0,3029.6,2951.0,2957.4,4974361
TCS,NSE,2025-09-26,2941.0,2954.8,2891.3,2899.1,3934636
TCS,NSE,2025-09-29,2916.0,2929.3,2894.0,2896.1,3110035
TCS,NSE,2025-09-30,2911.0,2915.3,2885.1,2888.4,2253458
TCS,NSE,2025-10-01,2891.0,2924.8,2866.6,2914.2,1952902
TCS,NSE,2025-10-03,2924.0,2924.0,2891.1,2901.9,2899519
TCS,NSE,2025-10-06,2902.0,2993.6,2895.6,2988.4,2112774
TCS,NSE,2025-10-07,2995.0,3004.5,2955.5,2973.7,3062943
TCS,NSE,2025-10-08,2975.0,3043.0,2968.0,3027.2,4121889
TCS,NSE,2025-10-09,3034.0,3066.0,3020.0,3061.7,3211304
TCS,NSE,2025-10-10,3050.0,3070.0,3006.9,3028.3,8817365
TCS,NSE,2025-10-13,3027.0,3035.5,2998.2,3007.2,2866865
TCS,NSE,2025-10-14,3021.0,3027.2,2955.5,2960.3,3611416
TCS,NSE,2025-10-15,2971.0,2979.7,2951.0,2969.8,4282226
TCS,NSE,2025-10-16,2969.9,2975.0,2943.1,2970.7,3251495
TCS,NSE,2025-10-17,2970.0,2988.8,2955.4,2962.2,4374683
TCS,NSE,2025-10-20,2985.5,3023.0,2978.5,3015.2,3133039
TCS,NSE,2025-10-21,3031.1,3031.8,2996.0,3006.7,310644
TCS,NSE,2025-10-23,3055.0,3098.0,3036.1,3073.2,5564758
TCS,NSE,2025-10-24,3080.0,3090.0,3058.3,3063.2,2684318
TCS,NSE,2025-10-27,3066.5,3094.2,3060.2,3084.9,1946312
TCS,NSE,2025-10-28,3076.0,3090.2,3040.2,3057.9,3470737
TCS,NSE,2025-10-29,3057.9,3076.0,3046.1,3057.6,2895420
TCS,NSE,2025-10-30,3049.1,3063.8,3032.8,3035.3,2241536
TCS,NSE,2025-10-31,3035.0,3067.4,3025.1,3058.0,1868085
TCS,NSE,2025-11-03,3046.9,3058.0,3010.0,3016.8,2194877
TCS,NSE,2025-11-04,3019.6,3029.3,2976.0,2990.2,2670720
TCS,NSE,2025-11-06,2990.1,3024.0,2990.0,3010.9,2542721
TCS,NSE,2025-11-07,3001.0,3004.0,2960.5,2991.8,1830520
TCS,NSE,2025-11-10,2993.0,3047.9,2992.0,3025.2,1556656
TCS,NSE,2025-11-11,3045.0,3055.7,3018.0,3047.0,2806868
TCS,NSE,2025-11-12,3060.0,3136.4,3057.1,3131.8,4460315
TCS,NSE,2025-11-13,3131.8,3131.9,3102.0,3105.7,1740435
TCS,NSE,2025-11-14,3090.0,3113.1,3077.3,3106.0,2210794
TCS,NSE,2025-11-17,3106.0,3123.5,3086.6,3102.2,2232853
TCS,NSE,2025-11-18,3102.0,3105.0,3078.0,3087.1,2548350
TCS,NSE,2025-11-19,3097.0,3155.0,3083.5,3147.7,3151053
TCS,NSE,2025-11-20,3148.0,3164.5,3138.1,3144.8,2700767
TCS,NSE,2025-11-21,3144.8,3170.0,3135.2,3150.6,4177037
TCS,NSE,2025-11-24,3158.0,3178.9,3131.0,3141.2,6703764
TCS,NSE,2025-11-25,3145.3,3149.8,3115.0,3119.2,2737920
TCS,NSE,2025-11-26,3118.8,3178.0,3117.0,3162.9,2508527
TCS,NSE,2025-11-27,3180.0,3180.0,3125.0,3136.6,2836233
TCS,NSE,2025-11-28,3140.0,3147.3,3125.0,3137.5,1616690
TCS,NSE,2025-12-01,3137.9,3154.0,3122.2,3133.4,1747647
TCS,NSE,2025-12-02,3131.0,3144.0,3120.4,3135.7,2512003
TCS,NSE,2025-12-03,3140.0,3211.9,3139.0,3180.0,3952112
TCS,NSE,2025-12-04,3194.0,3250.0,3187.4,3229.2,5025905
TCS,NSE,2025-12-05,3230.0,3271.6,3222.4,3238.2,5244013
TCS,NSE,2025-12-08,3243.0,3259.9,3208.6,3236.5,2544725
TCS,NSE,2025-12-09,3230.0,3233.7,3181.2,3208.3,2734893
TCS,NSE,2025-12-10,3225.0,3225.0,3178.1,3189.2,1386849
TCS,NSE,2025-12-11,3205.0,3208.4,3153.1,3191.9,1914362
TCS,NSE,2025-12-12,3197.7,3223.0,3185.7,3220.5,1146554
TCS,NSE,2025-12-15,3211.1,3238.2,3197.3,3230.2,1562190
TCS,NSE,2025-12-16,3220.0,3220.0,3191.1,3205.1,1734623
TCS,NSE,2025-12-17,3200.5,3236.9,3200.5,3217.8,1376350
TCS,NSE,2025-12-18,3228.0,3287.8,3221.0,3280.8,2307422
TCS,NSE,2025-12-19,3299.0,3317.9,3278.8,3282.0,3902511
TCS,NSE,2025-12-22,3310.0,3328.6,3291.0,3324.9,2632816
TCS,NSE,2025-12-23,3319.9,3319.9,3293.5,3310.0,2365420
TCS,NSE,2025-12-24,3304.1,3327.1,3296.1,3319.0,1367708
TCS,NSE,2025-12-26,3313.1,3320.0,3271.8,3280.0,1176664
TCS,NSE,2025-12-29,3280.0,3288.0,3242.9,3251.5,2079473
TCS,NSE,2025-12-30,3250.0,3267.5,3239.5,3246.8,2807593
